route_id,service_id,trip_id,direction_id,shape_id,start_time,route_story
5,35385556,17722767_240516,1,62601,10:45:00,1
16386,35420364,19144082_240516,0,65310,19:20:00,2
16386,35420370,21145571_020616,0,65310,11:20:00,2
16393,35420275,20862808_240516,0,67215,11:45:00,7
16694,35417195,20304558_240516,0,66746,10:45:00,8
16386,35420367,19144069_270516,0,65310,12:50:00,2
16384,35420352,19137945_270516,0,65633,20:10:00,5
16385,35420344,20132305_260516,1,65304,09:30:00,4
16384,35420353,19138058_270516,0,65633,11:40:00,5
16387,35420363,20733107_270516,1,65311,12:30:00,3
16394,35420278,20863018_240516,1,67216,13:50:00,6
16387,35420362,20732966_270516,1,65311,07:05:00,3
16384,35420355,21142966_020616,0,65633,16:40:00,5
16386,35420358,19144071_030616,0,65310,13:50:00,2
16394,35420278,20863005_240516,1,67216,08:05:00,6
16386,35420370,21145568_020616,0,65310,07:50:00,2
16394,35420278,20863016_240516,1,67216,12:50:00,6
16387,35420362,20733043_270516,1,65311,13:05:00,3
16387,35420374,20733043_030616,1,65311,13:05:00,3
16384,35420351,20132296_260516,0,65633,14:10:00,5
16385,35420345,19138087_290516,1,65304,18:30:00,9
16393,35420276,20862998_240516,0,67215,23:45:00,7
16387,35420360,20732973_240516,1,65311,14:05:00,3
16386,35420365,20114776_250516,0,65310,15:20:00,2
16384,35420352,19137935_270516,0,65633,15:10:00,5
16385,35420346,19138201_290516,1,65304,10:30:00,9
16387,35420372,21138940_310516,1,65311,18:05:00,3
16387,35420373,21145608_020616,1,65311,09:05:00,3
5,35385556,17722763_240516,1,62601,07:40:00,1
16387,35420362,20732971_270516,1,65311,11:35:00,3
16386,35420370,21145577_020616,0,65310,16:50:00,2
16387,35420363,20733030_270516,1,65311,06:30:00,3
16386,35420358,19144076_030616,0,65310,16:20:00,2
16387,35420362,20733038_270516,1,65311,08:05:00,3
16386,35420370,21145583_020616,0,65310,09:50:00,2
16384,35420347,20113347_250516,0,65633,12:10:00,5
16386,35420364,19144061_240516,0,65310,08:50:00,2
16384,35420354,21133642_310516,0,65633,12:40:00,5
16384,35420356,19137931_030616,0,65633,13:10:00,5
16387,35420361,20114800_250516,1,65311,13:35:00,3
16694,35417194,20304471_240516,0,66746,09:00:00,8
16384,35420347,20113333_250516,0,65633,10:40:00,5
16394,35420278,20863034_240516,1,67216,20:20:00,6
16387,35420362,20733048_270516,1,65311,17:35:00,3
5,35385557,17722854_240516,1,62601,06:10:00,1
16393,35420275,20862817_240516,0,67215,15:50:00,7
16387,35420360,20733040_240516,1,65311,09:35:00,3
16386,35420364,19144069_240516,0,65310,12:50:00,2
16386,35420366,20134575_260516,0,65310,18:50:00,2
16386,35420367,19144067_270516,0,65310,11:50:00,2
16394,35420278,20863012_240516,1,67216,10:50:00,6
16386,35420369,21138875_310516,0,65310,12:50:00,2
16694,35417194,20304478_240516,0,66746,14:15:00,8
16393,35420276,20862994_240516,0,67215,20:45:00,7
16387,35420374,20732976_030616,1,65311,16:35:00,3
16385,35420348,20113366_250516,1,65304,16:00:00,4
16386,35420365,20114786_250516,0,65310,13:20:00,2
16387,35420372,21138918_310516,1,65311,07:05:00,3
16384,35420350,19137928_240516,0,65633,11:40:00,5
16387,35420361,20114798_250516,1,65311,12:05:00,3
16384,35420347,20113341_250516,0,65633,18:40:00,5
16694,35417194,20304475_240516,0,66746,12:00:00,8
16387,35420360,20733048_240516,1,65311,17:35:00,3
16386,35420370,21145585_020616,0,65310,12:20:00,2
16387,35420371,20134595_260516,1,65311,12:05:00,3
16387,35420362,20732967_270516,1,65311,07:35:00,3
16384,35420354,21133643_310516,0,65633,13:10:00,5
16386,35420368,19144190_270516,0,65310,08:40:00,2
16387,35420374,20732971_030616,1,65311,11:35:00,3
16384,35420354,21133651_310516,0,65633,17:10:00,5
16384,35420351,20132295_260516,0,65633,13:10:00,5
5,35385556,17722766_240516,1,62601,09:45:00,1
16384,35420354,21133649_310516,0,65633,16:10:00,5
16384,35420356,19137933_030616,0,65633,14:10:00,5
16387,35420372,21138928_310516,1,65311,12:05:00,3
16387,35420374,20732977_030616,1,65311,18:05:00,3
16386,35420370,21145591_020616,0,65310,18:50:00,2
16384,35420350,19137924_240516,0,65633,09:40:00,5
16387,35420361,20114804_250516,1,65311,17:35:00,3
16386,35420368,19144189_270516,0,65310,08:10:00,2
16387,35420374,20732965_030616,1,65311,06:05:00,3
16384,35420356,19137938_030616,0,65633,16:40:00,5
16386,35420364,19144073_240516,0,65310,14:50:00,2
16393,35420275,20862813_240516,0,67215,14:15:00,7
16384,35420352,19137922_270516,0,65633,08:40:00,5
16386,35420367,19144061_270516,0,65310,08:50:00,2
16384,35420356,19137943_030616,0,65633,19:10:00,5
16393,35420275,20862823_240516,0,67215,17:50:00,7
16384,35420352,19137926_270516,0,65633,10:40:00,5
16384,35420353,19138051_270516,0,65633,08:10:00,5
16393,35420275,20862832_240516,0,67215,21:45:00,7
16384,35420350,19137934_240516,0,65633,14:40:00,5
16394,35420279,20863201_240516,1,67216,22:15:00,6
16387,35420360,20732966_240516,1,65311,07:05:00,3
16386,35420358,19144066_030616,0,65310,11:20:00,2
16384,35420355,21142952_020616,0,65633,16:10:00,5
16384,35420355,21142951_020616,0,65633,15:10:00,5
16386,35420358,19144063_030616,0,65310,09:50:00,2
16384,35420355,21142955_020616,0,65633,19:10:00,5
16694,35417195,20304559_240516,0,66746,11:30:00,8
16387,35420361,20114803_250516,1,65311,16:35:00,3
16393,35420276,20862997_240516,0,67215,23:00:00,7
16387,35420361,20114815_250516,1,65311,15:35:00,3
16386,35420364,19144067_240516,0,65310,11:50:00,2
16387,35420371,20134597_260516,1,65311,14:35:00,3
16394,35420278,20863024_240516,1,67216,16:25:00,6
16385,35420344,20132317_260516,1,65304,09:00:00,4
16387,35420374,20733039_030616,1,65311,09:05:00,3
16384,35420356,19137936_030616,0,65633,15:40:00,5
16385,35420345,19138065_290516,1,65304,07:30:00,9
16384,35420356,19137923_030616,0,65633,09:10:00,5
16386,35420365,20114785_250516,0,65310,11:50:00,2
16393,35420275,20862806_240516,0,67215,10:45:00,7
16385,35420343,19138077_240516,1,65304,13:30:00,4
16387,35420361,20114806_250516,1,65311,06:35:00,3
16387,35420372,21138921_310516,1,65311,08:35:00,3
16385,35420343,19138078_240516,1,65304,14:00:00,4
16384,35420350,19137930_240516,0,65633,12:40:00,5
16387,35420362,20732976_270516,1,65311,16:35:00,3
16387,35420372,21138935_310516,1,65311,15:35:00,3
16385,35420348,20113365_250516,1,65304,15:30:00,4
16385,35420343,19138069_240516,1,65304,09:30:00,4
16386,35420364,19144060_240516,0,65310,08:20:00,2
16384,35420354,21133656_310516,0,65633,19:40:00,5
16384,35420353,19138052_270516,0,65633,08:40:00,5
16392,35420376,19108927_240516,1,65259,16:30:00,10
16694,35417195,20304564_240516,0,66746,15:15:00,8
16387,35420361,20114814_250516,1,65311,14:35:00,3
16387,35420372,21138922_310516,1,65311,09:05:00,3
16386,35420358,19144059_030616,0,65310,07:50:00,2
16387,35420374,20732974_030616,1,65311,15:05:00,3
16385,35420345,19138068_290516,1,65304,09:00:00,9
16385,35420345,19138081_290516,1,65304,15:30:00,9
16387,35420361,20114811_250516,1,65311,11:35:00,3
16393,35420275,20862812_240516,0,67215,13:45:00,7
16384,35420347,20113339_250516,0,65633,17:10:00,5
16393,35420275,20862825_240516,0,67215,18:30:00,7
16384,35420355,21142954_020616,0,65633,18:40:00,5
16387,35420373,21145602_020616,1,65311,15:05:00,3
16385,35420343,19138071_240516,1,65304,10:30:00,4
16384,35420355,21142963_020616,0,65633,13:10:00,5
16384,35420354,21133640_310516,0,65633,11:40:00,5
16386,35420366,20134586_260516,0,65310,16:50:00,2
16387,35420363,20733033_270516,1,65311,09:00:00,3
16386,35420365,20114767_250516,0,65310,07:20:00,2
16387,35420360,20732974_240516,1,65311,15:05:00,3
16384,35420355,21142968_020616,0,65633,18:10:00,5
16393,35420275,20862814_240516,0,67215,14:45:00,7
16384,35420355,21142957_020616,0,65633,07:40:00,5
16387,35420373,21145603_020616,1,65311,15:35:00,3
16387,35420373,21145606_020616,1,65311,06:35:00,3
16384,35420355,21142958_020616,0,65633,09:10:00,5
16386,35420370,21145578_020616,0,65310,17:50:00,2
16386,35420366,20134564_260516,0,65310,07:50:00,2
16385,35420348,20113374_250516,1,65304,12:30:00,4
16386,35420369,21138868_310516,0,65310,09:20:00,2
16385,35420346,19138195_290516,1,65304,07:30:00,9
16387,35420372,21138932_310516,1,65311,14:05:00,3
16386,35420367,19144064_270516,0,65310,10:20:00,2
16384,35420352,19137936_270516,0,65633,15:40:00,5
16387,35420373,21145593_020616,1,65311,06:05:00,3
16384,35420351,20132280_260516,0,65633,12:10:00,5
16694,35417194,20304476_240516,0,66746,12:45:00,8
16384,35420356,19137921_030616,0,65633,08:10:00,5
16384,35420355,21142965_020616,0,65633,15:40:00,5
16386,35420365,20114782_250516,0,65310,09:20:00,2
16387,35420373,21145616_020616,1,65311,17:05:00,3
16384,35420355,21142969_020616,0,65633,19:40:00,5
16387,35420373,21145614_020616,1,65311,14:35:00,3
16385,35420343,19138088_240516,1,65304,19:00:00,4
16387,35420362,20732975_270516,1,65311,15:35:00,3
16386,35420366,20134566_260516,0,65310,09:20:00,2
16385,35420345,19138069_290516,1,65304,09:30:00,9
16384,35420347,20113331_250516,0,65633,08:10:00,5
16387,35420373,21145605_020616,1,65311,18:05:00,3
16387,35420371,20134592_260516,1,65311,09:05:00,3
16384,35420351,20132284_260516,0,65633,16:10:00,5
16387,35420372,21138920_310516,1,65311,08:05:00,3
16391,35420377,19108907_240516,0,65258,18:35:00,11
16386,35420369,21138882_310516,0,65310,16:20:00,2
16394,35420278,20863021_240516,1,67216,15:20:00,6
16385,35420343,19138068_240516,1,65304,09:00:00,4
5,35385556,17722758_240516,1,62601,05:45:00,1
16384,35420351,20132289_260516,0,65633,07:40:00,5
16394,35420278,20862999_240516,1,67216,05:30:00,6
16387,35420374,20732970_030616,1,65311,11:05:00,3
16386,35420369,21138884_310516,0,65310,17:20:00,2
16385,35420344,20132312_260516,1,65304,16:30:00,4
16386,35420365,20114791_250516,0,65310,18:20:00,2
16393,35420275,20862795_240516,0,67215,06:10:00,7
16384,35420356,19137928_030616,0,65633,11:40:00,5
16385,35420343,19138076_240516,1,65304,13:00:00,4
16394,35420279,20863202_240516,1,67216,23:00:00,6
16386,35420365,20114787_250516,0,65310,14:20:00,2
16394,35420278,20863030_240516,1,67216,18:25:00,6
16385,35420345,19138078_290516,1,65304,14:00:00,9
16394,35420278,20863029_240516,1,67216,18:05:00,6
16384,35420347,20113354_250516,0,65633,19:10:00,5
16387,35420375,20733033_030616,1,65311,09:00:00,3
16387,35420374,20733042_030616,1,65311,12:05:00,3
16385,35420345,19138083_290516,1,65304,16:30:00,9
16386,35420359,19144191_030616,0,65310,09:10:00,2
16386,35420359,19144193_030616,0,65310,10:10:00,2
16387,35420375,20733102_030616,1,65311,07:00:00,3
16386,35420365,20114784_250516,0,65310,10:50:00,2
16384,35420354,21133641_310516,0,65633,12:10:00,5
16384,35420351,20132293_260516,0,65633,11:40:00,5
16386,35420369,21138889_310516,0,65310,19:50:00,2
16393,35420275,20862794_240516,0,67215,05:30:00,7
16384,35420350,19137942_240516,0,65633,18:40:00,5
16386,35420366,20134568_260516,0,65310,11:50:00,2
16385,35420343,19138087_240516,1,65304,18:30:00,4
16384,35420350,19137927_240516,0,65633,11:10:00,5
16384,35420354,21133639_310516,0,65633,11:10:00,5
16694,35417194,20304477_240516,0,66746,13:30:00,8
5,35385556,17722772_240516,1,62601,16:45:00,1
16384,35420354,21133653_310516,0,65633,18:10:00,5
16387,35420374,20733037_030616,1,65311,06:35:00,3
16694,35417194,20304485_240516,0,66746,19:30:00,8
16386,35420367,19144081_270516,0,65310,18:50:00,2
16386,35420366,20134583_260516,0,65310,13:50:00,2
16385,35420348,20113356_250516,1,65304,06:30:00,4
16384,35420350,19137923_240516,0,65633,09:10:00,5
16394,35420278,20863001_240516,1,67216,06:45:00,6
16385,35420343,19138072_240516,1,65304,11:00:00,4
16384,35420352,19137924_270516,0,65633,09:40:00,5
16694,35417194,20304479_240516,0,66746,15:00:00,8
16384,35420347,20113335_250516,0,65633,13:10:00,5
5,35385556,17722760_240516,1,62601,06:45:00,1
16386,35420364,19144080_240516,0,65310,18:20:00,2
16387,35420362,20733039_270516,1,65311,09:05:00,3
16386,35420369,21138864_310516,0,65310,07:20:00,2
16387,35420371,20134603_260516,1,65311,07:05:00,3
16387,35420374,20733049_030616,1,65311,18:35:00,3
16387,35420371,20134598_260516,1,65311,15:35:00,3
16386,35420370,21145574_020616,0,65310,13:50:00,2
16386,35420358,19144073_030616,0,65310,14:50:00,2
16385,35420345,19138077_290516,1,65304,13:30:00,9
16387,35420362,20732969_270516,1,65311,10:05:00,3
16386,35420369,21138883_310516,0,65310,16:50:00,2
16385,35420348,20113381_250516,1,65304,19:00:00,4
16384,35420355,21142950_020616,0,65633,14:40:00,5
16386,35420370,21145587_020616,0,65310,14:50:00,2
16387,35420374,20732973_030616,1,65311,14:05:00,3
16386,35420364,19144062_240516,0,65310,09:20:00,2
16387,35420363,20733103_270516,1,65311,08:32:00,3
16384,35420352,19137938_270516,0,65633,16:40:00,5
16386,35420358,19144074_030616,0,65310,15:20:00,2
16385,35420348,20113373_250516,1,65304,11:00:00,4
5,35385556,17722773_240516,1,62601,17:45:00,1
16385,35420345,19138079_290516,1,65304,14:30:00,9
16384,35420355,21142964_020616,0,65633,14:10:00,5
16385,35420348,20113367_250516,1,65304,17:00:00,4
16385,35420349,19138193_270516,1,65304,06:30:00,4
16384,35420355,21142962_020616,0,65633,12:40:00,5
16387,35420372,21138917_310516,1,65311,06:35:00,3
16386,35420358,19144082_030616,0,65310,19:20:00,2
16694,35417195,20304560_240516,0,66746,12:15:00,8
16385,35420343,19138080_240516,1,65304,15:00:00,4
16384,35420357,19138062_030616,0,65633,13:40:00,5
16393,35420275,20862828_240516,0,67215,19:45:00,7
16387,35420373,21145615_020616,1,65311,16:05:00,3
16387,35420360,20733037_240516,1,65311,06:35:00,3
16386,35420365,20114779_250516,0,65310,18:50:00,2
16385,35420345,19138088_290516,1,65304,19:00:00,9
16384,35420351,20132286_260516,0,65633,18:40:00,5
16386,35420369,21138872_310516,0,65310,11:20:00,2
5,35385557,17722861_240516,1,62601,10:55:00,1
16384,35420355,21142945_020616,0,65633,08:40:00,5
16387,35420362,20733041_270516,1,65311,10:35:00,3
16384,35420351,20132299_260516,0,65633,17:10:00,5
16384,35420357,19138055_030616,0,65633,10:10:00,5
16386,35420364,19144068_240516,0,65310,12:20:00,2
16384,35420355,21142959_020616,0,65633,10:10:00,5
5,35385557,17722864_240516,1,62601,14:30:00,1
16385,35420346,19138194_290516,1,65304,07:00:00,9
16387,35420361,20114818_250516,1,65311,18:35:00,3
16387,35420361,20114809_250516,1,65311,10:05:00,3
16694,35417195,20304563_240516,0,66746,14:30:00,8
16394,35420278,20863017_240516,1,67216,13:20:00,6
16386,35420358,19144060_030616,0,65310,08:20:00,2
16386,35420366,20134570_260516,0,65310,13:20:00,2
16384,35420354,21133655_310516,0,65633,19:10:00,5
16385,35420343,19138073_240516,1,65304,11:30:00,4
16384,35420347,20113342_250516,0,65633,19:40:00,5
16386,35420366,20134576_260516,0,65310,19:50:00,2
16386,35420365,20114770_250516,0,65310,09:50:00,2
16387,35420371,20134609_260516,1,65311,12:35:00,3
16386,35420369,21138881_310516,0,65310,15:50:00,2
16393,35420275,20862827_240516,0,67215,19:15:00,7
16384,35420351,20132278_260516,0,65633,09:40:00,5
16385,35420349,19138195_270516,1,65304,07:30:00,4
16385,35420345,19138086_290516,1,65304,18:00:00,9
16694,35417194,20304483_240516,0,66746,18:00:00,8
16385,35420344,20132306_260516,1,65304,11:00:00,4
16384,35420350,19137925_240516,0,65633,10:10:00,5
16384,35420355,21142948_020616,0,65633,12:10:00,5
16387,35420363,20733102_270516,1,65311,07:00:00,3
16386,35420367,19144078_270516,0,65310,17:20:00,2
5,35385557,17722859_240516,1,62601,08:55:00,1
16384,35420351,20132298_260516,0,65633,16:40:00,5
16387,35420362,20733049_270516,1,65311,18:35:00,3
16385,35420343,19138064_240516,1,65304,07:00:00,4
16386,35420365,20114774_250516,0,65310,13:50:00,2
16386,35420369,21138877_310516,0,65310,13:50:00,2
16394,35420279,20863203_240516,1,67216,23:45:00,6
16386,35420365,20114781_250516,0,65310,07:50:00,2
16385,35420349,19138199_270516,1,65304,09:30:00,4
16387,35420372,21138925_310516,1,65311,10:35:00,3
16386,35420367,19144063_270516,0,65310,09:50:00,2
16384,35420356,19137926_030616,0,65633,10:40:00,5
16394,35420278,20863031_240516,1,67216,18:50:00,6
16393,35420275,20862815_240516,0,67215,15:10:00,7
16385,35420344,20132313_260516,1,65304,17:30:00,4
16387,35420363,20733034_270516,1,65311,10:30:00,3
16386,35420358,19144061_030616,0,65310,08:50:00,2
16387,35420375,20733030_030616,1,65311,06:30:00,3
16385,35420345,19138066_290516,1,65304,08:00:00,9
16387,35420361,20114807_250516,1,65311,07:35:00,3
16384,35420351,20132297_260516,0,65633,15:40:00,5
16386,35420369,21138880_310516,0,65310,15:20:00,2
16384,35420356,19137939_030616,0,65633,17:10:00,5
16384,35420352,19137930_270516,0,65633,12:40:00,5
16384,35420354,21133657_310516,0,65633,20:10:00,5
16385,35420348,20113372_250516,1,65304,10:00:00,4
16385,35420344,20132322_260516,1,65304,14:00:00,4
16384,35420353,19138050_270516,0,65633,07:40:00,5
16384,35420356,19137944_030616,0,65633,19:40:00,5
16385,35420349,19138194_270516,1,65304,07:00:00,4
16394,35420278,20863037_240516,1,67216,21:50:00,6
16386,35420367,19144059_270516,0,65310,07:50:00,2
16384,35420352,19137944_270516,0,65633,19:40:00,5
16385,35420344,20132326_260516,1,65304,18:00:00,4
5,35385557,17722862_240516,1,62601,11:55:00,1
16386,35420370,21145575_020616,0,65310,14:20:00,2
16384,35420356,19137922_030616,0,65633,08:40:00,5
16386,35420358,19144078_030616,0,65310,17:20:00,2
16386,35420364,19144083_240516,0,65310,19:50:00,2
16385,35420346,19138198_290516,1,65304,09:00:00,9
16393,35420275,20862811_240516,0,67215,13:15:00,7
16391,35420377,19108897_240516,0,65258,15:35:00,11
16385,35420346,19138197_290516,1,65304,08:30:00,9
16386,35420367,19144077_270516,0,65310,16:50:00,2
16387,35420371,20134600_260516,1,65311,17:05:00,3
16391,35420377,19108902_240516,0,65258,17:05:00,11
16387,35420362,20732973_270516,1,65311,14:05:00,3
16387,35420361,20114795_250516,1,65311,08:35:00,3
16384,35420347,20113337_250516,0,65633,14:40:00,5
16394,35420278,20863002_240516,1,67216,07:05:00,6
16393,35420275,20862800_240516,0,67215,08:10:00,7
16386,35420366,20134585_260516,0,65310,15:20:00,2
16387,35420371,20134613_260516,1,65311,16:35:00,3
16386,35420367,19144060_270516,0,65310,08:20:00,2
16384,35420351,20132285_260516,0,65633,17:40:00,5
16385,35420343,19138086_240516,1,65304,18:00:00,4
16387,35420360,20732971_240516,1,65311,11:35:00,3
16385,35420348,20113364_250516,1,65304,14:30:00,4
16386,35420369,21138873_310516,0,65310,11:50:00,2
16385,35420344,20132323_260516,1,65304,14:30:00,4
16387,35420371,20134602_260516,1,65311,06:05:00,3
16386,35420368,19144193_270516,0,65310,10:10:00,2
16394,35420278,20863015_240516,1,67216,12:20:00,6
5,35385556,17722768_240516,1,62601,12:05:00,1
16384,35420350,19137936_240516,0,65633,15:40:00,5
16384,35420357,19138058_030616,0,65633,11:40:00,5
16386,35420370,21145592_020616,0,65310,19:50:00,2
16384,35420353,19138057_270516,0,65633,11:10:00,5
16394,35420278,20863023_240516,1,67216,16:05:00,6
16384,35420353,19138061_270516,0,65633,13:10:00,5
16384,35420350,19137940_240516,0,65633,17:40:00,5
16694,35417194,20304484_240516,0,66746,18:45:00,8
16384,35420351,20132300_260516,0,65633,18:10:00,5
16386,35420369,21138869_310516,0,65310,09:50:00,2
16386,35420364,19144072_240516,0,65310,14:20:00,2
16387,35420372,21138929_310516,1,65311,12:35:00,3
16387,35420371,20134611_260516,1,65311,14:05:00,3
16386,35420365,20114768_250516,0,65310,08:20:00,2
16387,35420374,20732967_030616,1,65311,07:35:00,3
16386,35420358,19144081_030616,0,65310,18:50:00,2
16393,35420275,20862831_240516,0,67215,21:15:00,7
16387,35420362,20733044_270516,1,65311,13:35:00,3
16384,35420350,19137938_240516,0,65633,16:40:00,5
16386,35420369,21138866_310516,0,65310,08:20:00,2
16384,35420353,19138056_270516,0,65633,10:40:00,5
16385,35420345,19138074_290516,1,65304,12:00:00,9
16393,35420275,20862824_240516,0,67215,18:10:00,7
16387,35420371,20134614_260516,1,65311,17:35:00,3
16385,35420345,19138082_290516,1,65304,16:00:00,9
16387,35420373,21145594_020616,1,65311,07:05:00,3
16386,35420367,19144074_270516,0,65310,15:20:00,2
16384,35420357,19138051_030616,0,65633,08:10:00,5
16385,35420343,19138070_240516,1,65304,10:00:00,4
16384,35420356,19137945_030616,0,65633,20:10:00,5
16387,35420374,20732968_030616,1,65311,08:35:00,3
16384,35420347,20113351_250516,0,65633,16:10:00,5
16387,35420360,20732972_240516,1,65311,12:35:00,3
16387,35420361,20114796_250516,1,65311,09:35:00,3
16387,35420360,20732968_240516,1,65311,08:35:00,3
16384,35420354,21133648_310516,0,65633,15:40:00,5
16386,35420370,21145588_020616,0,65310,15:50:00,2
16387,35420371,20134594_260516,1,65311,10:35:00,3
16385,35420348,20113379_250516,1,65304,17:30:00,4
16385,35420345,19138070_290516,1,65304,10:00:00,9
16384,35420350,19137926_240516,0,65633,10:40:00,5
16393,35420275,20862819_240516,0,67215,16:30:00,7
16694,35417194,20304486_240516,0,66746,20:15:00,8
16392,35420376,19108912_240516,1,65259,06:20:00,10
16384,35420354,21133646_310516,0,65633,14:40:00,5
16384,35420352,19137925_270516,0,65633,10:10:00,5
16386,35420366,20134572_260516,0,65310,15:50:00,2
16385,35420345,19138080_290516,1,65304,15:00:00,9
16385,35420344,20132309_260516,1,65304,13:30:00,4
16387,35420371,20134607_260516,1,65311,11:05:00,3
16386,35420365,20114775_250516,0,65310,14:50:00,2
16384,35420356,19137941_030616,0,65633,18:10:00,5
16393,35420275,20862801_240516,0,67215,08:30:00,7
16385,35420345,19138064_290516,1,65304,07:00:00,9
16386,35420359,19144188_030616,0,65310,07:40:00,2
16386,35420366,20134569_260516,0,65310,12:20:00,2
16387,35420372,21138934_310516,1,65311,15:05:00,3
16385,35420345,19138084_290516,1,65304,17:00:00,9
16385,35420343,19138065_240516,1,65304,07:30:00,4
16386,35420370,21145586_020616,0,65310,13:20:00,2
16384,35420347,20113338_250516,0,65633,15:40:00,5
16386,35420359,19144199_030616,0,65310,13:10:00,2
16386,35420358,19144064_030616,0,65310,10:20:00,2
16385,35420343,19138067_240516,1,65304,08:30:00,4
16386,35420359,19144194_030616,0,65310,10:40:00,2
16387,35420373,21145612_020616,1,65311,13:05:00,3
16393,35420275,20862799_240516,0,67215,07:50:00,7
16387,35420360,20733043_240516,1,65311,13:05:00,3
16387,35420361,20114801_250516,1,65311,15:05:00,3
16385,35420346,19138202_290516,1,65304,11:00:00,9
16384,35420350,19137944_240516,0,65633,19:40:00,5
16385,35420344,20132316_260516,1,65304,07:30:00,4
16694,35417195,20304555_240516,0,66746,08:30:00,8
16387,35420363,20733106_270516,1,65311,11:00:00,3
16384,35420352,19137942_270516,0,65633,18:40:00,5
16387,35420373,21145604_020616,1,65311,16:35:00,3
16394,35420278,20863014_240516,1,67216,11:50:00,6
16384,35420351,20132292_260516,0,65633,10:40:00,5
16387,35420374,20733048_030616,1,65311,17:35:00,3
16384,35420353,19138062_270516,0,65633,13:40:00,5
16387,35420363,20733104_270516,1,65311,09:30:00,3
16386,35420365,20114769_250516,0,65310,08:50:00,2
16386,35420370,21145582_020616,0,65310,09:20:00,2
16387,35420375,20733107_030616,1,65311,12:30:00,3
16394,35420278,20863022_240516,1,67216,15:45:00,6
16694,35417195,20304561_240516,0,66746,13:00:00,8
16385,35420344,20132307_260516,1,65304,12:00:00,4
16384,35420357,19138054_030616,0,65633,09:40:00,5
16387,35420361,20114808_250516,1,65311,09:05:00,3
16384,35420356,19137925_030616,0,65633,10:10:00,5
16384,35420354,21133650_310516,0,65633,16:40:00,5
16386,35420369,21138871_310516,0,65310,10:50:00,2
16694,35417195,20304557_240516,0,66746,10:00:00,8
16387,35420360,20733049_240516,1,65311,18:35:00,3
16387,35420361,20114794_250516,1,65311,08:05:00,3
16386,35420359,19144197_030616,0,65310,12:10:00,2
16386,35420364,19144071_240516,0,65310,13:50:00,2
16386,35420369,21138885_310516,0,65310,17:50:00,2
16392,35420376,19108922_240516,1,65259,08:30:00,10
16394,35420279,20863199_240516,1,67216,20:45:00,6
16387,35420361,20114812_250516,1,65311,13:05:00,3
16386,35420369,21138878_310516,0,65310,14:20:00,2
16384,35420350,19137945_240516,0,65633,20:10:00,5
16386,35420359,19144195_030616,0,65310,11:10:00,2
16387,35420371,20134615_260516,1,65311,18:05:00,3
16384,35420352,19137939_270516,0,65633,17:10:00,5
16394,35420278,20863013_240516,1,67216,11:20:00,6
16386,35420368,19144199_270516,0,65310,13:10:00,2
16385,35420346,19138205_290516,1,65304,12:30:00,9
16393,35420275,20862809_240516,0,67215,12:15:00,7
16385,35420345,19138075_290516,1,65304,12:30:00,9
16384,35420354,21133635_310516,0,65633,09:10:00,5
16387,35420363,20733031_270516,1,65311,07:30:00,3
16385,35420344,20132308_260516,1,65304,12:30:00,4
16385,35420349,19138196_270516,1,65304,08:00:00,4
16385,35420348,20113361_250516,1,65304,11:30:00,4
16387,35420362,20733042_270516,1,65311,12:05:00,3
16384,35420354,21133644_310516,0,65633,13:40:00,5
16384,35420350,19137932_240516,0,65633,13:40:00,5
16384,35420352,19137932_270516,0,65633,13:40:00,5
16387,35420371,20134610_260516,1,65311,13:35:00,3
16386,35420369,21138888_310516,0,65310,19:20:00,2
16386,35420370,21145573_020616,0,65310,12:50:00,2
16387,35420372,21138923_310516,1,65311,09:35:00,3
16385,35420349,19138204_270516,1,65304,12:00:00,4
16385,35420346,19138204_290516,1,65304,12:00:00,9
16384,35420356,19137927_030616,0,65633,11:10:00,5
16384,35420355,21142953_020616,0,65633,17:40:00,5
16387,35420373,21145613_020616,1,65311,13:35:00,3
16387,35420372,21138930_310516,1,65311,13:05:00,3
16386,35420359,19144192_030616,0,65310,09:40:00,2
16694,35417194,20304480_240516,0,66746,15:45:00,8
16384,35420355,21142956_020616,0,65633,20:10:00,5
16384,35420347,20113349_250516,0,65633,13:40:00,5
16394,35420279,20863200_240516,1,67216,21:30:00,6
16385,35420344,20132304_260516,1,65304,08:30:00,4
16386,35420359,19144190_030616,0,65310,08:40:00,2
16384,35420347,20113332_250516,0,65633,09:10:00,5
16387,35420361,20114797_250516,1,65311,11:05:00,3
16384,35420355,21142967_020616,0,65633,17:10:00,5
5,35385557,17722858_240516,1,62601,07:55:00,1
16386,35420358,19144070_030616,0,65310,13:20:00,2
16384,35420352,19137941_270516,0,65633,18:10:00,5
16386,35420370,21145584_020616,0,65310,10:50:00,2
16384,35420352,19137923_270516,0,65633,09:10:00,5
16387,35420372,21138937_310516,1,65311,16:35:00,3
16384,35420355,21142946_020616,0,65633,09:40:00,5
16387,35420373,21145610_020616,1,65311,10:35:00,3
16386,35420366,20134571_260516,0,65310,14:50:00,2
16387,35420374,20732969_030616,1,65311,10:05:00,3
16386,35420364,19144075_240516,0,65310,15:50:00,2
16386,35420364,19144058_240516,0,65310,07:20:00,2
16394,35420278,20863028_240516,1,67216,17:45:00,6
5,35385557,17722855_240516,1,62601,06:30:00,1
16393,35420275,20862829_240516,0,67215,20:15:00,7
16384,35420352,19137933_270516,0,65633,14:10:00,5
16386,35420366,20134589_260516,0,65310,19:20:00,2
5,35385557,17722863_240516,1,62601,12:55:00,1
16387,35420371,20134605_260516,1,65311,08:35:00,3
16384,35420347,20113340_250516,0,65633,18:10:00,5
16386,35420358,19144062_030616,0,65310,09:20:00,2
16384,35420354,21133636_310516,0,65633,09:40:00,5
16384,35420353,19138060_270516,0,65633,12:40:00,5
16393,35420275,20862805_240516,0,67215,10:15:00,7
16387,35420373,21145596_020616,1,65311,08:35:00,3
16387,35420360,20733047_240516,1,65311,17:05:00,3
16387,35420361,20114802_250516,1,65311,16:05:00,3
16393,35420275,20862810_240516,0,67215,12:45:00,7
5,35385557,17722853_240516,1,62601,05:55:00,1
16386,35420364,19144059_240516,0,65310,07:50:00,2
16386,35420365,20114771_250516,0,65310,11:20:00,2
16387,35420374,20732966_030616,1,65311,07:05:00,3
16386,35420366,20134581_260516,0,65310,11:20:00,2
16393,35420275,20862820_240516,0,67215,16:50:00,7
16387,35420374,20733040_030616,1,65311,09:35:00,3
16387,35420360,20732967_240516,1,65311,07:35:00,3
16384,35420357,19138059_030616,0,65633,12:10:00,5
16392,35420376,19108917_240516,1,65259,07:30:00,10
16386,35420358,19144058_030616,0,65310,07:20:00,2
16386,35420365,20114790_250516,0,65310,17:20:00,2
16385,35420345,19138076_290516,1,65304,13:00:00,9
16384,35420351,20132301_260516,0,65633,19:40:00,5
16394,35420278,20863038_240516,1,67216,22:30:00,6
16387,35420373,21145599_020616,1,65311,11:35:00,3
16386,35420367,19144068_270516,0,65310,12:20:00,2
16385,35420344,20132303_260516,1,65304,08:00:00,4
5,35385556,17722775_240516,1,62601,19:45:00,1
16384,35420354,21133647_310516,0,65633,15:10:00,5
16386,35420368,19144195_270516,0,65310,11:10:00,2
16387,35420361,20114817_250516,1,65311,18:05:00,3
16387,35420375,20733034_030616,1,65311,10:30:00,3
16387,35420363,20733036_270516,1,65311,12:00:00,3
16387,35420371,20134599_260516,1,65311,16:05:00,3
16386,35420364,19144077_240516,0,65310,16:50:00,2
16386,35420366,20134565_260516,0,65310,08:20:00,2
16387,35420374,20732972_030616,1,65311,12:35:00,3
16387,35420374,20733038_030616,1,65311,08:05:00,3
16386,35420358,19144068_030616,0,65310,12:20:00,2
16386,35420367,19144076_270516,0,65310,16:20:00,2
16387,35420373,21145618_020616,1,65311,18:35:00,3
16385,35420349,19138202_270516,1,65304,11:00:00,4
16385,35420343,19138082_240516,1,65304,16:00:00,4
16393,35420275,20862798_240516,0,67215,07:30:00,7
16386,35420370,21145581_020616,0,65310,08:20:00,2
16387,35420372,21138919_310516,1,65311,07:35:00,3
16386,35420370,21145590_020616,0,65310,17:20:00,2
16384,35420351,20132294_260516,0,65633,12:40:00,5
16386,35420358,19144075_030616,0,65310,15:50:00,2
16387,35420374,20733045_030616,1,65311,14:35:00,3
16386,35420366,20134580_260516,0,65310,10:20:00,2
5,35385556,17722771_240516,1,62601,15:45:00,1
16387,35420373,21145597_020616,1,65311,10:05:00,3
16385,35420343,19138079_240516,1,65304,14:30:00,4
16387,35420362,20733046_270516,1,65311,16:05:00,3
16386,35420359,19144189_030616,0,65310,08:10:00,2
16385,35420348,20113370_250516,1,65304,08:30:00,4
16385,35420348,20113358_250516,1,65304,08:00:00,4
16385,35420348,20113368_250516,1,65304,18:30:00,4
5,35385556,17722770_240516,1,62601,14:05:00,1
16393,35420275,20862833_240516,0,67215,22:30:00,7
16387,35420360,20732975_240516,1,65311,15:35:00,3
16385,35420344,20132310_260516,1,65304,15:00:00,4
16386,35420367,19144079_270516,0,65310,17:50:00,2
16385,35420348,20113371_250516,1,65304,09:30:00,4
16385,35420346,19138200_290516,1,65304,10:00:00,9
16384,35420352,19137920_270516,0,65633,07:40:00,5
16385,35420348,20113363_250516,1,65304,13:00:00,4
16386,35420370,21145567_020616,0,65310,07:20:00,2
16394,35420278,20863006_240516,1,67216,08:25:00,6
16694,35417194,20304473_240516,0,66746,10:30:00,8
5,35385557,17722856_240516,1,62601,06:55:00,1
16393,35420275,20862818_240516,0,67215,16:10:00,7
16387,35420373,21145601_020616,1,65311,14:05:00,3
16387,35420360,20733042_240516,1,65311,12:05:00,3
16384,35420351,20132277_260516,0,65633,08:40:00,5
16384,35420351,20132291_260516,0,65633,10:10:00,5
16385,35420348,20113362_250516,1,65304,12:00:00,4
16387,35420372,21138933_310516,1,65311,14:35:00,3
16386,35420365,20114777_250516,0,65310,16:20:00,2
16384,35420354,21133645_310516,0,65633,14:10:00,5
16387,35420361,20114799_250516,1,65311,12:35:00,3
16386,35420358,19144080_030616,0,65310,18:20:00,2
16384,35420350,19137939_240516,0,65633,17:10:00,5
16386,35420369,21138886_310516,0,65310,18:20:00,2
16384,35420350,19137933_240516,0,65633,14:10:00,5
16394,35420278,20863003_240516,1,67216,07:25:00,6
16387,35420360,20732977_240516,1,65311,18:05:00,3
16384,35420350,19137937_240516,0,65633,16:10:00,5
16384,35420350,19137941_240516,0,65633,18:10:00,5
5,35385556,17722774_240516,1,62601,18:45:00,1
16386,35420364,19144081_240516,0,65310,18:50:00,2
16386,35420364,19144079_240516,0,65310,17:50:00,2
16384,35420350,19137922_240516,0,65633,08:40:00,5
16386,35420367,19144066_270516,0,65310,11:20:00,2
16387,35420360,20733039_240516,1,65311,09:05:00,3
16387,35420360,20733044_240516,1,65311,13:35:00,3
16384,35420356,19137937_030616,0,65633,16:10:00,5
16384,35420351,20132279_260516,0,65633,11:10:00,5
16384,35420357,19138056_030616,0,65633,10:40:00,5
16384,35420354,21133633_310516,0,65633,08:10:00,5
16384,35420356,19137935_030616,0,65633,15:10:00,5
16385,35420348,20113375_250516,1,65304,13:30:00,4
16384,35420347,20113336_250516,0,65633,14:10:00,5
16393,35420275,20862821_240516,0,67215,17:10:00,7
16386,35420368,19144198_270516,0,65310,12:40:00,2
16387,35420373,21145607_020616,1,65311,08:05:00,3
16385,35420349,19138205_270516,1,65304,12:30:00,4
16386,35420367,19144065_270516,0,65310,10:50:00,2
16386,35420358,19144083_030616,0,65310,19:50:00,2
16387,35420363,20733105_270516,1,65311,10:00:00,3
16393,35420275,20862803_240516,0,67215,09:15:00,7
16384,35420352,19137934_270516,0,65633,14:40:00,5
16394,35420278,20863026_240516,1,67216,17:05:00,6
16385,35420343,19138074_240516,1,65304,12:00:00,4
16384,35420355,21142960_020616,0,65633,10:40:00,5
16694,35417194,20304481_240516,0,66746,16:30:00,8
16386,35420369,21138879_310516,0,65310,14:50:00,2
16386,35420364,19144076_240516,0,65310,16:20:00,2
16394,35420278,20863010_240516,1,67216,09:50:00,6
16386,35420364,19144078_240516,0,65310,17:20:00,2
16385,35420344,20132315_260516,1,65304,06:30:00,4
16394,35420278,20863000_240516,1,67216,06:15:00,6
16386,35420365,20114783_250516,0,65310,10:20:00,2
16386,35420368,19144194_270516,0,65310,10:40:00,2
16394,35420278,20863019_240516,1,67216,14:20:00,6
16386,35420364,19144063_240516,0,65310,09:50:00,2
16385,35420343,19138081_240516,1,65304,15:30:00,4
16384,35420354,21133652_310516,0,65633,17:40:00,5
5,35385556,17722764_240516,1,62601,08:45:00,1
16385,35420348,20113378_250516,1,65304,16:30:00,4
16387,35420375,20733103_030616,1,65311,08:32:00,3
16386,35420366,20134584_260516,0,65310,14:20:00,2
16387,35420362,20732965_270516,1,65311,06:05:00,3
16387,35420362,20733037_270516,1,65311,06:35:00,3
16386,35420358,19144069_030616,0,65310,12:50:00,2
16387,35420373,21145611_020616,1,65311,12:05:00,3
16384,35420347,20113355_250516,0,65633,20:10:00,5
16386,35420365,20114792_250516,0,65310,19:50:00,2
16385,35420344,20132324_260516,1,65304,15:30:00,4
16394,35420278,20863025_240516,1,67216,16:45:00,6
16385,35420344,20132318_260516,1,65304,10:00:00,4
16387,35420372,21138941_310516,1,65311,18:35:00,3
16387,35420375,20733105_030616,1,65311,10:00:00,3
16386,35420366,20134578_260516,0,65310,08:50:00,2
16384,35420350,19137921_240516,0,65633,08:10:00,5
16694,35417194,20304472_240516,0,66746,09:45:00,8
16384,35420347,20113330_250516,0,65633,07:40:00,5
16386,35420366,20134577_260516,0,65310,07:20:00,2
16386,35420365,20114778_250516,0,65310,17:50:00,2
16386,35420368,19144197_270516,0,65310,12:10:00,2
16384,35420352,19137937_270516,0,65633,16:10:00,5
16385,35420346,19138199_290516,1,65304,09:30:00,9
16393,35420276,20862996_240516,0,67215,22:15:00,7
16387,35420363,20733032_270516,1,65311,08:00:00,3
16384,35420356,19137924_030616,0,65633,09:40:00,5
16386,35420364,19144064_240516,0,65310,10:20:00,2
16393,35420276,20862995_240516,0,67215,21:30:00,7
16386,35420367,19144075_270516,0,65310,15:50:00,2
5,35385556,17722769_240516,1,62601,13:05:00,1
16386,35420370,21145580_020616,0,65310,19:20:00,2
5,35385557,17722852_240516,1,62601,05:30:00,1
16384,35420351,20132287_260516,0,65633,19:10:00,5
16385,35420346,19138196_290516,1,65304,08:00:00,9
16385,35420343,19138063_240516,1,65304,06:30:00,4
16385,35420344,20132327_260516,1,65304,18:30:00,4
16394,35420278,20863004_240516,1,67216,07:45:00,6
5,35385556,17722761_240516,1,62601,07:05:00,1
16384,35420353,19138053_270516,0,65633,09:10:00,5
16386,35420358,19144067_030616,0,65310,11:50:00,2
16384,35420353,19138054_270516,0,65633,09:40:00,5
16387,35420371,20134593_260516,1,65311,09:35:00,3
16384,35420350,19137929_240516,0,65633,12:10:00,5
16385,35420344,20132325_260516,1,65304,17:00:00,4
16387,35420374,20732975_030616,1,65311,15:35:00,3
16384,35420355,21142947_020616,0,65633,11:10:00,5
16392,35420376,19108932_240516,1,65259,18:30:00,10
16384,35420347,20113352_250516,0,65633,16:40:00,5
16385,35420345,19138072_290516,1,65304,11:00:00,9
16386,35420367,19144070_270516,0,65310,13:20:00,2
16387,35420361,20114816_250516,1,65311,17:05:00,3
16385,35420348,20113377_250516,1,65304,15:00:00,4
16387,35420374,20733041_030616,1,65311,10:35:00,3
16386,35420366,20134587_260516,0,65310,17:50:00,2
16385,35420345,19138067_290516,1,65304,08:30:00,9
16387,35420373,21145598_020616,1,65311,11:05:00,3
16694,35417195,20304556_240516,0,66746,09:15:00,8
16385,35420349,19138203_270516,1,65304,11:30:00,4
16694,35417194,20304470_240516,0,66746,08:15:00,8
16384,35420351,20132276_260516,0,65633,08:10:00,5
16384,35420355,21142961_020616,0,65633,11:40:00,5
16394,35420278,20863009_240516,1,67216,09:25:00,6
16387,35420361,20114813_250516,1,65311,14:05:00,3
16385,35420346,19138193_290516,1,65304,06:30:00,9
16385,35420343,19138075_240516,1,65304,12:30:00,4
16386,35420366,20134573_260516,0,65310,16:20:00,2
16384,35420352,19137927_270516,0,65633,11:10:00,5
16386,35420366,20134579_260516,0,65310,09:50:00,2
16384,35420347,20113350_250516,0,65633,15:10:00,5
16387,35420362,20732974_270516,1,65311,15:05:00,3
16385,35420349,19138200_270516,1,65304,10:00:00,4
16385,35420348,20113360_250516,1,65304,10:30:00,4
16393,35420275,20862797_240516,0,67215,07:10:00,7
16385,35420344,20132321_260516,1,65304,13:00:00,4
16385,35420345,19138073_290516,1,65304,11:30:00,9
16386,35420365,20114789_250516,0,65310,16:50:00,2
16394,35420278,20863036_240516,1,67216,21:20:00,6
16384,35420351,20132290_260516,0,65633,09:10:00,5
16384,35420356,19137930_030616,0,65633,12:40:00,5
16386,35420365,20114773_250516,0,65310,12:50:00,2
16393,35420275,20862816_240516,0,67215,15:30:00,7
16386,35420370,21145572_020616,0,65310,11:50:00,2
16386,35420364,19144065_240516,0,65310,10:50:00,2
16387,35420361,20114810_250516,1,65311,10:35:00,3
16387,35420363,20733035_270516,1,65311,11:30:00,3
16387,35420375,20733035_030616,1,65311,11:30:00,3
16385,35420344,20132319_260516,1,65304,10:30:00,4
16394,35420278,20863033_240516,1,67216,19:50:00,6
16386,35420364,19144070_240516,0,65310,13:20:00,2
16384,35420357,19138057_030616,0,65633,11:10:00,5
16387,35420374,20733046_030616,1,65311,16:05:00,3
16386,35420367,19144071_270516,0,65310,13:50:00,2
16386,35420364,19144066_240516,0,65310,11:20:00,2
16386,35420367,19144058_270516,0,65310,07:20:00,2
16394,35420278,20863008_240516,1,67216,09:05:00,6
16386,35420358,19144072_030616,0,65310,14:20:00,2
16385,35420348,20113359_250516,1,65304,09:00:00,4
16384,35420354,21133637_310516,0,65633,10:10:00,5
16387,35420372,21138924_310516,1,65311,10:05:00,3
16386,35420358,19144065_030616,0,65310,10:50:00,2
16387,35420374,20733047_030616,1,65311,17:05:00,3
16387,35420371,20134612_260516,1,65311,15:05:00,3
16387,35420362,20732972_270516,1,65311,12:35:00,3
16394,35420278,20863020_240516,1,67216,14:50:00,6
16387,35420375,20733031_030616,1,65311,07:30:00,3
16387,35420375,20733106_030616,1,65311,11:00:00,3
16387,35420361,20114793_250516,1,65311,07:05:00,3
16386,35420367,19144073_270516,0,65310,14:50:00,2
16387,35420360,20733046_240516,1,65311,16:05:00,3
16386,35420368,19144192_270516,0,65310,09:40:00,2
16393,35420275,20862802_240516,0,67215,08:50:00,7
16384,35420353,19138055_270516,0,65633,10:10:00,5
16385,35420344,20132314_260516,1,65304,19:00:00,4
16384,35420354,21133638_310516,0,65633,10:40:00,5
16384,35420354,21133634_310516,0,65633,08:40:00,5
16385,35420349,19138197_270516,1,65304,08:30:00,4
16386,35420359,19144196_030616,0,65310,11:40:00,2
16385,35420343,19138066_240516,1,65304,08:00:00,4
16385,35420345,19138085_290516,1,65304,17:30:00,9
16394,35420278,20863007_240516,1,67216,08:45:00,6
16386,35420368,19144188_270516,0,65310,07:40:00,2
16387,35420360,20732965_240516,1,65311,06:05:00,3
16385,35420349,19138201_270516,1,65304,10:30:00,4
16384,35420356,19137932_030616,0,65633,13:40:00,5
16387,35420375,20733032_030616,1,65311,08:00:00,3
16694,35417195,20304562_240516,0,66746,13:45:00,8
5,35385556,17722765_240516,1,62601,09:05:00,1
16386,35420367,19144082_270516,0,65310,19:20:00,2
16386,35420358,19144077_030616,0,65310,16:50:00,2
16694,35417194,20304482_240516,0,66746,17:15:00,8
16387,35420372,21138916_310516,1,65311,06:05:00,3
16384,35420350,19137943_240516,0,65633,19:10:00,5
16386,35420370,21145579_020616,0,65310,18:20:00,2
16393,35420275,20862822_240516,0,67215,17:30:00,7
16385,35420349,19138198_270516,1,65304,09:00:00,4
16386,35420370,21145576_020616,0,65310,15:20:00,2
16387,35420374,20733044_030616,1,65311,13:35:00,3
16387,35420372,21138936_310516,1,65311,16:05:00,3
16385,35420344,20132302_260516,1,65304,07:00:00,4
16386,35420367,19144062_270516,0,65310,09:20:00,2
16386,35420369,21138876_310516,0,65310,13:20:00,2
16384,35420357,19138050_030616,0,65633,07:40:00,5
5,35385556,17722759_240516,1,62601,06:05:00,1
16387,35420371,20134601_260516,1,65311,18:35:00,3
16384,35420357,19138053_030616,0,65633,09:10:00,5
16387,35420371,20134604_260516,1,65311,07:35:00,3
16387,35420362,20733045_270516,1,65311,14:35:00,3
16384,35420351,20132281_260516,0,65633,13:40:00,5
16387,35420371,20134596_260516,1,65311,13:05:00,3
16386,35420370,21145569_020616,0,65310,08:50:00,2
16387,35420372,21138927_310516,1,65311,11:35:00,3
16387,35420372,21138931_310516,1,65311,13:35:00,3
16387,35420362,20732970_270516,1,65311,11:05:00,3
16386,35420369,21138887_310516,0,65310,18:50:00,2
16393,35420275,20862807_240516,0,67215,11:15:00,7
16384,35420350,19137931_240516,0,65633,13:10:00,5
16386,35420369,21138865_310516,0,65310,07:50:00,2
16384,35420352,19137929_270516,0,65633,12:10:00,5
16386,35420368,19144191_270516,0,65310,09:10:00,2
5,35385557,17722857_240516,1,62601,07:30:00,1
16384,35420356,19137920_030616,0,65633,07:40:00,5
5,35385556,17722762_240516,1,62601,07:25:00,1
16385,35420348,20113357_250516,1,65304,07:30:00,4
16387,35420362,20733047_270516,1,65311,17:05:00,3
16387,35420371,20134608_260516,1,65311,11:35:00,3
16386,35420366,20134588_260516,0,65310,18:20:00,2
16386,35420359,19144198_030616,0,65310,12:40:00,2
16386,35420369,21138867_310516,0,65310,08:50:00,2
16393,35420275,20862804_240516,0,67215,09:45:00,7
16387,35420360,20732976_240516,1,65311,16:35:00,3
16387,35420362,20732977_270516,1,65311,18:05:00,3
16387,35420360,20733041_240516,1,65311,10:35:00,3
16393,35420275,20862830_240516,0,67215,20:45:00,7
16386,35420367,19144083_270516,0,65310,19:50:00,2
16386,35420365,20114772_250516,0,65310,12:20:00,2
16387,35420360,20733045_240516,1,65311,14:35:00,3
16387,35420360,20733038_240516,1,65311,08:05:00,3
16385,35420343,19138084_240516,1,65304,17:00:00,4
16394,35420278,20863027_240516,1,67216,17:25:00,6
16394,35420278,20863035_240516,1,67216,20:50:00,6
16387,35420372,21138939_310516,1,65311,17:35:00,3
16386,35420367,19144080_270516,0,65310,18:20:00,2
16384,35420351,20132283_260516,0,65633,15:10:00,5
16384,35420354,21133632_310516,0,65633,07:40:00,5
16386,35420370,21145570_020616,0,65310,10:20:00,2
16384,35420347,20113343_250516,0,65633,08:40:00,5
16385,35420344,20132320_260516,1,65304,11:30:00,4
16384,35420347,20113344_250516,0,65633,09:40:00,5
16386,35420367,19144072_270516,0,65310,14:20:00,2
16384,35420351,20132288_260516,0,65633,20:10:00,5
16384,35420356,19137940_030616,0,65633,17:40:00,5
16386,35420358,19144079_030616,0,65310,17:50:00,2
16384,35420347,20113348_250516,0,65633,12:40:00,5
16384,35420347,20113353_250516,0,65633,17:40:00,5
16385,35420348,20113369_250516,1,65304,07:00:00,4
16387,35420375,20733104_030616,1,65311,09:30:00,3
16387,35420372,21138926_310516,1,65311,11:05:00,3
16384,35420356,19137942_030616,0,65633,18:40:00,5
16384,35420356,19137934_030616,0,65633,14:40:00,5
16384,35420355,21142949_020616,0,65633,13:40:00,5
16384,35420355,21142944_020616,0,65633,08:10:00,5
16387,35420375,20733036_030616,1,65311,12:00:00,3
16384,35420352,19137940_270516,0,65633,17:40:00,5
16384,35420350,19137935_240516,0,65633,15:10:00,5
16386,35420364,19144074_240516,0,65310,15:20:00,2
16386,35420366,20134582_260516,0,65310,12:50:00,2
16387,35420371,20134606_260516,1,65311,10:05:00,3
16394,35420278,20863032_240516,1,67216,19:20:00,6
16385,35420343,19138083_240516,1,65304,16:30:00,4
16387,35420362,20732968_270516,1,65311,08:35:00,3
16387,35420373,21145617_020616,1,65311,17:35:00,3
16386,35420369,21138870_310516,0,65310,10:20:00,2
16387,35420373,21145600_020616,1,65311,12:35:00,3
16385,35420343,19138085_240516,1,65304,17:30:00,4
16384,35420352,19137943_270516,0,65633,19:10:00,5
16393,35420275,20862826_240516,0,67215,18:50:00,7
16386,35420365,20114780_250516,0,65310,19:20:00,2
16386,35420369,21138874_310516,0,65310,12:20:00,2
16384,35420354,21133654_310516,0,65633,18:40:00,5
16394,35420278,20863011_240516,1,67216,10:20:00,6
16386,35420370,21145589_020616,0,65310,16:20:00,2
16384,35420350,19137920_240516,0,65633,07:40:00,5
16384,35420347,20113334_250516,0,65633,11:40:00,5
16384,35420352,19137928_270516,0,65633,11:40:00,5
16387,35420360,20732969_240516,1,65311,10:05:00,3
16387,35420373,21145595_020616,1,65311,07:35:00,3
16387,35420372,21138938_310516,1,65311,17:05:00,3
16384,35420357,19138060_030616,0,65633,12:40:00,5
16386,35420366,20134567_260516,0,65310,10:50:00,2
16384,35420347,20113346_250516,0,65633,11:10:00,5
16385,35420345,19138071_290516,1,65304,10:30:00,9
5,35385557,17722860_240516,1,62601,09:55:00,1
16384,35420351,20132282_260516,0,65633,14:40:00,5
16387,35420362,20733040_270516,1,65311,09:35:00,3
16386,35420366,20134574_260516,0,65310,17:20:00,2
5,35385556,17722757_240516,1,62601,05:05:00,1
16385,35420346,19138203_290516,1,65304,11:30:00,9
16385,35420345,19138063_290516,1,65304,06:30:00,9
16384,35420356,19137929_030616,0,65633,12:10:00,5
16387,35420360,20732970_240516,1,65311,11:05:00,3
16384,35420357,19138061_030616,0,65633,13:10:00,5
16387,35420361,20114805_250516,1,65311,06:05:00,3
16384,35420353,19138059_270516,0,65633,12:10:00,5
16385,35420348,20113376_250516,1,65304,14:00:00,4
16385,35420348,20113380_250516,1,65304,18:00:00,4
16386,35420368,19144196_270516,0,65310,11:40:00,2
16694,35417194,20304474_240516,0,66746,11:15:00,8
16387,35420371,20134590_260516,1,65311,06:35:00,3
16384,35420352,19137931_270516,0,65633,13:10:00,5
16385,35420344,20132311_260516,1,65304,16:00:00,4
16386,35420365,20114788_250516,0,65310,15:50:00,2
16384,35420347,20113345_250516,0,65633,10:10:00,5
16387,35420373,21145609_020616,1,65311,09:35:00,3
16387,35420371,20134591_260516,1,65311,08:05:00,3
16393,35420275,20862796_240516,0,67215,06:45:00,7
16384,35420357,19138052_030616,0,65633,08:40:00,5
16384,35420352,19137921_270516,0,65633,08:10:00,5
